750
20 15 
91 88 
108 94 
118 114 
169 162 
204 183 
249 242 
263 262 
339 289 
344 341 
392 372 
409 408 
511 471 
581 553 
619 615 
795 744 
797 796 
837 814 
861 847 
995 894 
51 27 
470 469 
543 521 
721 661 
26 10 
44 31 
101 67 
150 105 
200 195 
401 386 
413 402 
438 415 
458 447 
475 461 
513 481 
524 522 
620 617 
714 686 
740 735 
813 751 
856 846 
885 873 
960 929 
8 993 
155 153 
256 243 
670 665 
840 817 
72 52 
130 99 
137 133 
231 138 
270 236 
307 304 
327 318 
394 383 
422 410 
444 424 
454 452 
482 455 
537 494 
674 544 
703 701 
726 716 
770 765 
858 832 
912 881 
956 932 
988 977 
991 982 
49 984 
376 368 
808 800 
32 30 
80 40 
115 93 
134 129 
147 144 
157 156 
188 182 
285 259 
321 297 
345 330 
388 371 
414 407 
490 443 
525 518 
571 562 
583 572 
625 612 
653 643 
675 662 
705 697 
794 760 
825 801 
835 833 
853 841 
872 862 
903 891 
937 915 
953 947 
12 973 
18 6 
146 124 
165 151 
244 227 
273 252 
336 290 
355 350 
373 365 
405 382 
434 426 
459 437 
528 474 
547 534 
573 566 
622 609 
664 624 
689 681 
737 695 
805 763 
866 857 
920 879 
952 943 
199 173 
61 47 
76 65 
96 95 
123 102 
160 126 
168 163 
172 171 
226 198 
238 234 
266 250 
338 288 
375 353 
478 465 
495 492 
503 501 
563 517 
590 585 
651 595 
684 657 
715 711 
758 753 
774 769 
818 810 
838 834 
930 876 
957 949 
996 967 
36 990 
582 579 
965 958 
46 2 
59 55 
116 71 
143 128 
223 218 
280 271 
359 331 
385 366 
428 390 
529 464 
577 545 
599 580 
628 601 
710 709 
789 759 
871 816 
911 882 
919 918 
934 927 
22 
28 
78 
83 
109 
113 
125 
127 
154 
179 
196 
197 
217 
219 
241 
260 
286 
294 
314 
416 
472 
488 
497 
546 
550 
557 
567 
588 
638 
645 
723 
725 
728 
732 
745 
761 
771 
779 
802 
836 
890 
962 
969 
57 37 
66 58 
85 82 
131 119 
161 158 
214 206 
248 246 
269 257 
337 335 
384 343 
498 487 
535 510 
608 607 
631 630 
633 632 
637 636 
666 660 
676 668 
717 698 
731 720 
781 773 
806 793 
828 824 
897 868 
928 910 
981 961 
13 
19 
38 
50 
87 
145 
149 
181 
187 
201 
211 
216 
247 
254 
275 
277 
287 
300 
301 
320 
329 
367 
381 
387 
404 
468 
480 
508 
555 
559 
561 
576 
606 
623 
654 
706 
739 
746 
775 
799 
867 
877 
889 
913 
924 
939 
942 
950 
954 
964 
994 
0 979 
224 215 
484 432 
4 
5 
11 
23 
34 
81 
89 
90 
92 
103 
139 
148 
166 
228 
281 
296 
302 
313 
348 
349 
360 
364 
370 
411 
423 
429 
433 
450 
451 
457 
467 
479 
485 
504 
509 
539 
541 
551 
616 
629 
644 
648 
677 
679 
704 
729 
755 
756 
757 
768 
777 
792 
803 
830 
855 
864 
880 
887 
899 
923 
963 
972 
68 64 
86 69 
175 117 
191 185 
264 237 
295 291 
395 310 
466 419 
527 476 
548 542 
586 552 
618 589 
635 634 
673 659 
685 683 
752 700 
782 762 
883 788 
898 884 
904 901 
940 909 
946 941 
974 968 
9 
21 
35 
48 
70 
98 
106 
167 
202 
208 
265 
292 
305 
389 
456 
462 
463 
499 
500 
507 
530 
532 
549 
594 
613 
614 
627 
641 
688 
712 
736 
860 
896 
900 
905 
907 
926 
936 
951 
986 
992 
417 399 
3 
25 
41 
111 
120 
159 
189 
245 
251 
272 
347 
352 
361 
391 
393 
435 
436 
502 
516 
533 
554 
570 
584 
610 
650 
663 
671 
707 
708 
718 
743 
812 
820 
831 
844 
845 
870 
878 
888 
921 
944 
970 
987 
998 
54 53 
84 79 
104 97 
180 152 
207 190 
253 221 
322 306 
363 324 
403 398 
427 418 
449 445 
558 523 
568 564 
587 578 
600 598 
696 603 
749 699 
783 750 
892 798 
916 902 
980 945 
999 985 
512 496 
39 
60 
73 
142 
178 
203 
225 
229 
232 
233 
255 
261 
267 
278 
279 
284 
299 
311 
328 
358 
362 
369 
396 
400 
406 
421 
430 
442 
460 
483 
526 
596 
597 
604 
605 
669 
687 
719 
754 
786 
815 
821 
852 
863 
865 
886 
906 
922 
935 
978 
7 
24 
29 
62 
63 
100 
140 
177 
193 
212 
213 
222 
240 
274 
283 
309 
319 
439 
440 
446 
473 
514 
536 
560 
565 
591 
593 
640 
656 
682 
693 
724 
727 
776 
787 
804 
811 
827 
839 
849 
850 
851 
875 
908 
925 
931 
933 
975 
997 
1 
45 
75 
77 
121 
136 
174 
184 
186 
209 
239 
298 
303 
312 
315 
332 
342 
346 
356 
377 
378 
380 
412 
425 
453 
486 
489 
491 
519 
520 
540 
574 
611 
652 
658 
667 
672 
680 
690 
692 
702 
713 
733 
742 
778 
785 
790 
791 
807 
809 
819 
822 
823 
826 
842 
869 
874 
893 
895 
917 
983 
74 
107 
110 
112 
132 
164 
170 
176 
205 
230 
235 
258 
293 
316 
323 
325 
326 
334 
340 
351 
354 
357 
374 
379 
397 
431 
441 
515 
531 
538 
556 
575 
592 
621 
647 
655 
678 
730 
738 
741 
747 
764 
767 
772 
829 
843 
848 
854 
914 
938 
955 
966 
976 
14 
16 
17 
33 
42 
43 
135 
141 
192 
194 
210 
220 
268 
276 
282 
308 
317 
333 
420 
448 
477 
493 
505 
506 
569 
602 
626 
639 
642 
646 
649 
691 
694 
722 
734 
748 
766 
780 
784 
859 
948 
959 
971 
989 
56 
122 
